# ANSYS modal natural frequencies [Hz] - undamped 1-layer model (Problem 1b)
# mode index = line number; frequency in Hz
13.548811
21.601832
21.620729
21.669134
21.742555
21.828306
22.329162
23.189341
24.361741
25.551345
26.104188
27.098928
40.651656
42.109601
45.429697
50.078752
54.208303
55.646619
61.929257
67.770175
68.812479
76.220368
81.338578
84.087898
92.304406
94.914822
99.048596
108.50021
110.84576
120.23010
122.09606
130.05527
135.70368
140.22962
149.32437
150.72014
161.50466
162.95946
172.56438
176.61025
183.88112
190.27807
195.43025
203.96422
206.31091
217.67002
219.32316
231.39680
231.52563
243.93351
245.14587
256.52564
258.91856
269.28906
272.71619
282.21256
286.54009
295.28574
300.39159
308.49852
314.27201
321.83961
328.18268
334.82766
342.12494
348.90812
356.10012
362.59320
370.10955
376.38078
384.15457
390.26178
398.23652
